            116.446661 39.98798 
            39452744.89316144 4427896.939107891 
            116.446465 39.987856 
            39452728.06920852 4427883.276124231 
            116.446569 39.987908 
            39452736.98670335 4427888.994197811 
            116.446515 39.987986 
            39452732.4288402 4427897.682642328 
            116.446453 39.988031 
            39452727.16503698 4427902.711562911 
            116.446389 39.988075 
            39452721.72975076 4427907.63052452 
            116.446371 39.988115 
            39452720.22012375 4427912.081001705 
            116.446677 39.987797 
            39452746.13346913 4427876.613365524 
            116.446697 39.987855 
            39452747.88144563 4427883.042116147 
            116.446682 39.987888 
            39452746.62317632 4427886.713834736
