
(OBJECT SEC2CACHEINFO 
    (rel) 
    (trel 
        (tuple 
            (
                (CStatNr int) 
                (Bytes int) 
                (RegSize int) 
                (Hits int) 
                (Misses int) 
                (Pages_New int) 
                (Pages_In int) 
                (Pages_Out int) 
                (Pages_All int)))) 
    (
        (1 671088640 671088640 14 12 0 12 0 12) 
        (2 671088640 671088640 532 62 50 62 52 124) 
        (3 671088640 671088640 604 1 50 1 52 175) 
        (4 671088640 671088640 604 1 50 1 52 226) 
        (5 671088640 671088640 604 1 50 1 52 277) 
        (6 671088640 671088640 604 1 50 1 52 328) 
        (7 671088640 671088640 604 1 50 1 52 379) 
        (8 671088640 671088640 604 1 50 1 52 430) 
        (9 671088640 671088640 604 1 50 1 52 481) 
        (10 671088640 671088640 604 1 50 1 52 532) 
        (11 671088640 671088640 604 1 50 1 52 583) 
        (12 671088640 671088640 2469 561 348 561 350 1492) 
        (13 671088640 671088640 3028 1 348 1 350 1841) 
        (14 671088640 671088640 3028 1 348 1 350 2190) 
        (15 671088640 671088640 3028 1 348 1 350 2539) 
        (16 671088640 671088640 3028 1 348 1 350 2888) 
        (17 671088640 671088640 3028 1 348 1 350 3237) 
        (18 671088640 671088640 3028 1 348 1 350 3586) 
        (19 671088640 671088640 3028 1 348 1 350 3935) 
        (20 671088640 671088640 3028 1 348 1 350 4284) 
        (21 671088640 671088640 3028 1 348 1 350 4633) 
        (22 671088640 671088640 22954 5573 3542 5573 3544 13748) 
        (23 671088640 671088640 28525 1 3542 1 3544 17291) 
        (24 671088640 671088640 28525 1 3542 1 3544 20834) 
        (25 671088640 671088640 28525 1 3542 1 3544 24377) 
        (26 671088640 671088640 28525 1 3542 1 3544 27920) 
        (27 671088640 671088640 28525 1 3542 1 3544 31463) 
        (28 671088640 671088640 28525 1 3542 1 3544 35006) 
        (29 671088640 671088640 28525 1 3542 1 3544 38549) 
        (30 671088640 671088640 28525 1 3542 1 3544 42092) 
        (31 671088640 671088640 28525 1 3542 1 3544 45635) 
        (32 671088640 671088640 177511 55696 27100 55696 27102 128431) 
        (33 671088640 671088640 233205 1 27100 1 27102 155532) 
        (34 671088640 671088640 233205 1 27100 1 27102 158000) 
        (35 671088640 671088640 231249 1957 27100 1957 27102 158000) 
        (36 671088640 671088640 232675 531 27100 531 27102 158000) 
        (37 671088640 671088640 228055 5151 27100 5151 27102 158000) 
        (38 671088640 671088640 222766 10440 27100 10440 27102 158000) 
        (39 671088640 671088640 219820 13386 27100 13386 27104 158000) 
        (40 671088640 671088640 230862 2344 27100 2344 27102 158000) 
        (41 671088640 671088640 230459 2747 27100 2747 27102 157999) 
        (42 671088640 671088640 280 58 24 58 26 157999) 
        (43 671088640 671088640 337 1 24 1 26 157999) 
        (44 671088640 671088640 337 1 24 1 26 157999) 
        (45 671088640 671088640 337 1 24 1 26 157999) 
        (46 671088640 671088640 337 1 24 1 26 157999) 
        (47 671088640 671088640 337 1 24 1 26 157999) 
        (48 671088640 671088640 337 1 24 1 26 157999) 
        (49 671088640 671088640 337 1 24 1 26 157999) 
        (50 671088640 671088640 337 1 24 1 26 157998) 
        (51 671088640 671088640 337 1 24 1 26 157998) 
        (52 671088640 671088640 4984 560 218 560 220 157998) 
        (53 671088640 671088640 5543 1 218 1 220 157998) 
        (54 671088640 671088640 5543 1 218 1 220 157998) 
        (55 671088640 671088640 5543 1 218 1 220 157998) 
        (56 671088640 671088640 5543 1 218 1 220 157998) 
        (57 671088640 671088640 5543 1 218 1 220 157998) 
        (58 671088640 671088640 5543 1 218 1 220 157998) 
        (59 671088640 671088640 5543 1 218 1 220 157997) 
        (60 671088640 671088640 5543 1 218 1 220 157997) 
        (61 671088640 671088640 5543 1 218 1 220 157997) 
        (62 671088640 671088640 7924 5572 2086 5572 2088 157997) 
        (63 671088640 671088640 13495 1 2086 1 2088 157997) 
        (64 671088640 671088640 13495 1 2086 1 2088 157997) 
        (65 671088640 671088640 13495 1 2086 1 2088 157997) 
        (66 671088640 671088640 13495 1 2086 1 2088 157997) 
        (67 671088640 671088640 13495 1 2086 1 2088 157997) 
        (68 671088640 671088640 13495 1 2086 1 2088 157996) 
        (69 671088640 671088640 13495 1 2086 1 2088 157996) 
        (70 671088640 671088640 13495 1 2086 1 2088 157996) 
        (71 671088640 671088640 13495 1 2086 1 2088 157996) 
        (72 671088640 671088640 130869 12570 20861 12570 20863 157996) 
        (73 671088640 671088640 141715 1724 20861 1724 20863 157996) 
        (74 671088640 671088640 142880 559 20861 559 20863 157996) 
        (75 671088640 671088640 141175 2264 20861 2264 20863 157996) 
        (76 671088640 671088640 141812 1627 20861 1627 20863 157995) 
        (77 671088640 671088640 141243 2196 20861 2196 20865 157995) 
        (78 671088640 671088640 141930 1509 20861 1509 20863 157995) 
        (79 671088640 671088640 142989 450 20861 450 20863 157995) 
        (80 671088640 671088640 142411 1028 20861 1028 20864 157995) 
        (81 671088640 671088640 142723 716 20861 716 20863 157995) 
        (82 671088640 671088640 99 0 0 0 0 157995) 
        (83 671088640 671088640 78 0 0 0 0 157995)))
