
(OBJECT geot 
    () 
    (rel 
        (tuple 
            (
                (Id int) 
                (Datetime instant) 
                (Position point) 
                (P point)))) 
    (
        (10251 "2009-11-12-23:39:28" 
            (116.446661 39.98798) 
            (39452744.89316144 4427896.939107891)) 
        (10251 "2009-11-12-23:39:29" 
            (116.446465 39.987856) 
            (39452728.06920852 4427883.276124231)) 
        (10251 "2009-11-12-23:39:31" 
            (116.446569 39.987908) 
            (39452736.98670335 4427888.994197811)) 
        (10251 "2009-11-12-23:39:36" 
            (116.446515 39.987986) 
            (39452732.4288402 4427897.682642328)) 
        (10251 "2009-11-12-23:39:41" 
            (116.446453 39.988031) 
            (39452727.16503698 4427902.711562911)) 
        (10251 "2009-11-12-23:39:46" 
            (116.446389 39.988075) 
            (39452721.72975076 4427907.63052452)) 
        (10251 "2009-11-12-23:39:51" 
            (116.446371 39.988115) 
            (39452720.22012375 4427912.081001705)) 
        (10251 "2009-11-12-23:39:53" 
            (116.446677 39.987797) 
            (39452746.13346913 4427876.613365524)) 
        (10251 "2009-11-12-23:39:58" 
            (116.446697 39.987855) 
            (39452747.88144563 4427883.042116147)) 
        (10251 "2009-11-12-23:40:03" 
            (116.446682 39.987888) 
            (39452746.62317632 4427886.713834736)) 
        (10251 "2009-11-12-23:40:05" 
            (116.446708 39.987935) 
            (39452748.87597357 4427891.918149422)) 
        (10251 "2009-11-12-23:40:10" 
            (116.446733 39.98801) 
            (39452751.06265929 4427900.231646911)) 
        (10251 "2009-11-12-23:40:15" 
            (116.446714 39.988088) 
            (39452749.49379611 4427908.901533175)) 
        (10251 "2009-11-12-23:40:20" 
            (116.4467 39.988179) 
            (39452748.36089499 4427919.012072764)) 
        (10251 "2009-11-12-23:40:25" 
            (116.446705 39.988257) 
            (39452748.84164026 4427927.669239877)) 
        (10251 "2009-11-12-23:40:30" 
            (116.44667 39.988334) 
            (39452745.9056977 4427936.236583991)) 
        (10251 "2009-11-12-23:40:35" 
            (116.446664 39.9884) 
            (39452745.43877769 4427943.567301864)) 
        (10251 "2009-11-12-23:40:40" 
            (116.44662 39.988452) 
            (39452741.71701895 4427949.363835676)) 
        (10251 "2009-11-12-23:40:45" 
            (116.446606 39.988519) 
            (39452740.56759546 4427956.809817948)) 
        (10251 "2009-11-12-23:40:50" 
            (116.446604 39.988612) 
            (39452740.46088824 4427967.136045272)) 
        (10251 "2009-11-12-23:40:55" 
            (116.446552 39.988675) 
            (39452736.06353039 4427974.158079284)) 
        (10251 "2009-11-12-23:41" 
            (116.44654 39.988746) 
            (39452735.08767254 4427982.047095703)) 
        (10251 "2009-11-12-23:41:05" 
            (116.446505 39.988811) 
            (39452732.14349616 4427989.282166468)) 
        (10251 "2009-11-12-23:41:10" 
            (116.446484 39.988882) 
            (39452730.39905123 4427997.175955418)) 
        (10251 "2009-11-12-23:41:15" 
            (116.446465 39.988961) 
            (39452728.83092318 4428005.956870935)) 
        (10251 "2009-11-12-23:41:20" 
            (116.44645 39.989026) 
            (39452727.59474418 4428013.181339605)) 
        (10251 "2009-11-12-23:41:25" 
            (116.446434 39.989091) 
            (39452726.27316865 4428020.406338828)) 
        (10251 "2009-11-12-23:41:30" 
            (116.446421 39.989155) 
            (39452725.20710316 4428027.51872427)) 
        (10251 "2009-11-12-23:41:35" 
            (116.446407 39.98922) 
            (39452724.05633036 4428034.742663552)) 
        (10251 "2009-11-12-23:41:40" 
            (116.446375 39.98928) 
            (39452721.36493483 4428041.421031928)) 
        (10251 "2009-11-12-23:41:45" 
            (116.446379 39.989339) 
            (39452721.74720774 4428047.969286436)) 
        (10251 "2009-11-12-23:41:50" 
            (116.44635 39.989407) 
            (39452719.31753095 4428055.534251375)) 
        (10251 "2009-11-12-23:41:55" 
            (116.446343 39.989482) 
            (39452718.77145328 4428063.86471275)) 
        (10251 "2009-11-12-23:42" 
            (116.446336 39.989562) 
            (39452718.22882455 4428072.750290894)) 
        (10251 "2009-11-12-23:42:05" 
            (116.446286 39.989611) 
            (39452713.99269272 4428078.216952286)) 
        (10251 "2009-11-12-23:42:10" 
            (116.446257 39.989672) 
            (39452711.5582066 4428085.004756932)) 
        (10251 "2009-11-12-23:42:15" 
            (116.446216 39.989733) 
            (39452708.09894647 4428091.79892795)) 
        (10251 "2009-11-12-23:42:20" 
            (116.446178 39.989799) 
            (39452704.89933557 4428099.1466258)) 
        (10251 "2009-11-12-23:42:25" 
            (116.446161 39.989857) 
            (39452703.487572 4428105.594997459)) 
        (10251 "2009-11-12-23:42:30" 
            (116.446152 39.989928) 
            (39452702.76796149 4428113.482428527)) 
        (10251 "2009-11-12-23:42:35" 
            (116.446139 39.989997) 
            (39452701.70538159 4428121.14993525)) 
        (10251 "2009-11-12-23:42:40" 
            (116.44611 39.990059) 
            (39452699.27161073 4428128.048767827)) 
        (10251 "2009-11-12-23:42:45" 
            (116.446079 39.990114) 
            (39452696.66222007 4428134.171499144)) 
        (10251 "2009-11-12-23:42:50" 
            (116.446071 39.990171) 
            (39452696.01835968 4428140.504073996)) 
        (10251 "2009-11-12-23:42:55" 
            (116.446039 39.990238) 
            (39452693.3318572 4428147.959617276)) 
        (10251 "2009-11-12-23:43" 
            (116.446031 39.99031) 
            (39452692.69834952 4428155.957542644)) 
        (10251 "2009-11-12-23:43:05" 
            (116.446007 39.990376) 
            (39452690.69434536 4428163.297818659)) 
        (10251 "2009-11-12-23:43:10" 
            (116.445999 39.990441) 
            (39452690.05601245 4428170.51858109)) 
        (10251 "2009-11-12-23:43:15" 
            (116.445981 39.990491) 
            (39452688.55335895 4428176.0793004)) 
        (10251 "2009-11-12-23:43:20" 
            (116.445984 39.99056) 
            (39452688.85715827 4428183.738318928)) 
        (10251 "2009-11-12-23:43:25" 
            (116.44596 39.990616) 
            (39452686.84626573 4428189.968362928)) 
        (10251 "2009-11-12-23:43:30" 
            (116.445923 39.990672) 
            (39452683.72521508 4428196.205307174)) 
        (10251 "2009-11-12-23:43:35" 
            (116.445925 39.990745) 
            (39452683.94638211 4428204.308949911)) 
        (10251 "2009-11-12-23:43:40" 
            (116.445933 39.990824) 
            (39452684.68407018 4428213.075548399)) 
        (10251 "2009-11-12-23:43:45" 
            (116.445907 39.990885) 
            (39452682.50584606 4428219.861772152)) 
        (10251 "2009-11-12-23:43:50" 
            (116.445908 39.990961) 
            (39452682.64368775 4428228.299015969)) 
        (10251 "2009-11-12-23:43:55" 
            (116.445865 39.991021) 
            (39452679.01303773 4428234.983240685)) 
        (10251 "2009-11-12-23:44" 
            (116.445858 39.991092) 
            (39452678.46426065 4428242.869614355)) 
        (10251 "2009-11-12-23:44:05" 
            (116.445822 39.991139) 
            (39452675.4224243 4428248.106821764)) 
        (10251 "2009-11-12-23:44:10" 
            (116.445811 39.9912) 
            (39452674.52516481 4428254.885085754)) 
        (10251 "2009-11-12-23:44:15" 
            (116.445783 39.991251) 
            (39452672.1692676 4428260.562141236)) 
        (10251 "2009-11-12-23:44:20" 
            (116.445757 39.991322) 
            (39452669.99797167 4428268.458602862)) 
        (10251 "2009-11-12-23:44:25" 
            (116.445751 39.991394) 
            (39452669.53529348 4428276.455470139)) 
        (10251 "2009-11-12-23:44:30" 
            (116.445732 39.991462) 
            (39452667.95970663 4428284.015146146)) 
        (10251 "2009-11-12-23:44:35" 
            (116.44574 39.991538) 
            (39452668.69533652 4428292.448674174)) 
        (10251 "2009-11-12-23:44:40" 
            (116.445712 39.991596) 
            (39452666.34428808 4428298.902895473)) 
        (10251 "2009-11-12-23:44:45" 
            (116.445676 39.991665) 
            (39452663.31767122 4428306.582622466)) 
        (10251 "2009-11-12-23:44:50" 
            (116.445612 39.991726) 
            (39452657.894457 4428313.389032846)) 
        (10251 "2009-11-12-23:44:55" 
            (116.445578 39.991776) 
            (39452655.02552669 4428318.958257357)) 
        (10251 "2009-11-12-23:45" 
            (116.445552 39.991843) 
            (39452652.85150432 4428326.410631417)) 
        (10251 "2009-11-12-23:45:05" 
            (116.445546 39.991909) 
            (39452652.38470577 4428333.741360424)) 
        (10251 "2009-11-12-23:45:10" 
            (116.445475 39.991949) 
            (39452646.34925012 4428338.220006584)) 
        (10251 "2009-11-12-23:45:15" 
            (116.445437 39.991998) 
            (39452643.13806572 4428343.680337302)) 
        (10251 "2009-11-12-23:45:20" 
            (116.445386 39.992037) 
            (39452638.80983943 4428348.037342106)) 
        (10251 "2009-11-12-23:45:25" 
            (116.445311 39.992061) 
            (39452632.42176875 4428350.741750663)) 
        (10251 "2009-11-12-23:45:30" 
            (116.445276 39.992113) 
            (39452629.46885807 4428356.533563502)) 
        (10251 "2009-11-12-23:45:35" 
            (116.445264 39.992179) 
            (39452628.4897135 4428363.86748278)) 
        (10251 "2009-11-12-23:45:40" 
            (116.445249 39.992253) 
            (39452627.25991297 4428372.091183486)) 
        (10251 "2009-11-12-23:45:45" 
            (116.445214 39.992302) 
            (39452624.30494197 4428377.549928492)) 
        (10251 "2009-11-12-23:45:50" 
            (116.445202 39.992355) 
            (39452623.31682297 4428383.440544809)) 
        (10251 "2009-11-12-23:45:55" 
            (116.445156 39.992403) 
            (39452619.42182462 4428388.794114423)) 
        (10251 "2009-11-12-23:46" 
            (116.445123 39.992462) 
            (39452616.64456623 4428395.362033494)) 
        (10251 "2009-11-12-23:46:05" 
            (116.445056 39.992505) 
            (39452610.95283329 4428400.171652837)) 
        (10251 "2009-11-12-23:46:10" 
            (116.445048 39.992565) 
            (39452610.31114478 4428406.837308523)) 
        (10251 "2009-11-12-23:46:15" 
            (116.445035 39.992628) 
            (39452609.244558 4428413.838692504)) 
        (10251 "2009-11-12-23:46:20" 
            (116.444989 39.992686) 
            (39452605.3564978 4428420.302503655)) 
        (10251 "2009-11-12-23:46:25" 
            (116.444967 39.992746) 
            (39452603.51929385 4428426.975603354)) 
        (10251 "2009-11-12-23:46:30" 
            (116.444944 39.992803) 
            (39452601.59462498 4428433.316165118)) 
        (10251 "2009-11-12-23:46:35" 
            (116.444909 39.992856) 
            (39452598.64246229 4428439.219014534)) 
        (10251 "2009-11-12-23:46:40" 
            (116.444888 39.992912) 
            (39452596.88789792 4428445.44749083)) 
        (10251 "2009-11-12-23:46:45" 
            (116.444845 39.992939) 
            (39452593.2346134 4428448.467988334)) 
        (10251 "2009-11-12-23:46:50" 
            (116.444755 39.992931) 
            (39452585.54360159 4428447.627665883)) 
        (10251 "2009-11-12-23:46:55" 
            (116.444687 39.992925) 
            (39452579.73264442 4428446.997695104)) 
        (10251 "2009-11-12-23:47" 
            (116.444626 39.992924) 
            (39452574.52290438 4428446.919121713)) 
        (10251 "2009-11-12-23:47:05" 
            (116.444565 39.99293) 
            (39452569.31800654 4428447.617715633)) 
        (10251 "2009-11-12-23:47:10" 
            (116.444486 39.99291) 
            (39452562.55802512 4428445.439283113)) 
        (10251 "2009-11-12-23:47:15" 
            (116.444416 39.992892) 
            (39452556.56797218 4428443.478113537)) 
        (10251 "2009-11-12-23:47:20" 
            (116.444321 39.992876) 
            (39452548.44444274 4428441.75230235)) 
        (10251 "2009-11-12-23:47:25" 
            (116.444228 39.992869) 
            (39452540.49792779 4428441.024645574)) 
        (10251 "2009-11-12-23:47:30" 
            (116.444152 39.992857) 
            (39452533.99965317 4428439.732828327)) 
        (10251 "2009-11-12-23:47:35" 
            (116.444091 39.992851) 
            (39452528.78644542 4428439.099169224)) 
        (10251 "2009-11-12-23:47:40" 
            (116.444021 39.992843) 
            (39452522.80330285 4428438.248260042)) 
        (10251 "2009-11-12-23:47:45" 
            (116.44396 39.992834) 
            (39452517.5880155 4428437.281538413)) 
        (10251 "2009-11-12-23:47:50" 
            (116.443884 39.992836) 
            (39452511.09943009 4428437.544068162)) 
        (10251 "2009-11-12-23:47:55" 
            (116.443802 39.992835) 
            (39452504.09640083 4428437.476729963)) 
        (10251 "2009-11-12-23:48" 
            (116.443739 39.992827) 
            (39452498.71101444 4428436.622110208)) 
        (10251 "2009-11-12-23:48:05" 
            (116.443651 39.992816) 
            (39452491.18868884 4428435.447747027)) 
        (10251 "2009-11-12-23:48:10" 
            (116.443584 39.992801) 
            (39452485.45687101 4428433.818104598)) 
        (10251 "2009-11-12-23:48:15" 
            (116.443518 39.992774) 
            (39452479.80212826 4428430.855652693)) 
        (10251 "2009-11-12-23:48:20" 
            (116.443436 39.992749) 
            (39452472.78245604 4428428.123781801)) 
        (10251 "2009-11-12-23:48:25" 
            (116.443373 39.992731) 
            (39452467.39012673 4428426.158950195)) 
        (10251 "2009-11-12-23:48:30" 
            (116.443315 39.992718) 
            (39452462.42823371 4428424.746573081)) 
        (10251 "2009-11-12-23:48:35" 
            (116.443243 39.992698) 
            (39452456.26596176 4428422.564501837)) 
        (10251 "2009-11-12-23:48:40" 
            (116.443157 39.992688) 
            (39452448.91509772 4428421.500137026)) 
        (10251 "2009-11-12-23:48:45" 
            (116.443102 39.992714) 
            (39452444.23643155 4428424.416083849)) 
        (10251 "2009-11-12-23:48:50" 
            (116.443031 39.992754) 
            (39452438.20116887 4428428.894897366)) 
        (10251 "2009-11-12-23:48:55" 
            (116.442972 39.992777) 
            (39452433.17885239 4428431.479915013)) 
        (10251 "2009-11-12-23:49" 
            (116.442922 39.9928) 
            (39452428.92508883 4428434.06013332)) 
        (10251 "2009-11-12-23:49:05" 
            (116.442854 39.992823) 
            (39452423.13422955 4428436.64996037)) 
        (10251 "2009-11-12-23:49:10" 
            (116.442801 39.992858) 
            (39452418.63261678 4428440.564066354)) 
        (10251 "2009-11-12-23:49:15" 
            (116.442739 39.99287) 
            (39452413.3464972 4428441.929441123)) 
        (10251 "2009-11-12-23:49:20" 
            (116.442695 39.992905) 
            (39452409.61344094 4428445.838748343)) 
        (10251 "2009-11-12-23:49:25" 
            (116.442608 39.992914) 
            (39452402.1903877 4428446.884407178)) 
        (10251 "2009-11-12-23:49:30" 
            (116.442534 39.992926) 
            (39452395.87954443 4428448.25620138)) 
        (10251 "2009-11-12-23:49:35" 
            (116.44249 39.99294) 
            (39452392.1319188 4428449.83402592)) 
        (10251 "2009-11-12-23:49:40" 
            (116.44242 39.992955) 
            (39452386.16473982 4428451.536762257)) 
        (10251 "2009-11-12-23:49:45" 
            (116.442357 39.992961) 
            (39452380.7890721 4428452.236553481)) 
        (10251 "2009-11-12-23:49:50" 
            (116.442299 39.993001) 
            (39452375.86399229 4428456.708472996)) 
        (10251 "2009-11-12-23:49:55" 
            (116.442282 39.993059) 
            (39452374.45257927 4428463.156912276)) 
        (10251 "2009-11-12-23:50" 
            (116.442246 39.993118) 
            (39452371.41937736 4428469.726526398)) 
        (10251 "2009-11-12-23:50:05" 
            (116.442194 39.993146) 
            (39452366.99834154 4428472.862965414)) 
        (10251 "2009-11-12-23:50:10" 
            (116.442174 39.993178) 
            (39452365.31269414 4428476.426401093)) 
        (10251 "2009-11-12-23:50:15" 
            (116.442166 39.993211) 
            (39452364.65246975 4428480.094448267)) 
        (10251 "2009-11-12-23:50:20" 
            (116.442199 39.993282) 
            (39452367.51979296 4428487.959476939)) 
        (10251 "2009-11-12-23:50:25" 
            (116.442227 39.993328) 
            (39452369.94277474 4428493.051593008)) 
        (10251 "2009-11-12-23:50:30" 
            (116.442233 39.993391) 
            (39452370.49890184 4428500.042861964)) 
        (10251 "2009-11-12-23:50:35" 
            (116.442215 39.993465) 
            (39452369.0132238 4428508.268211651)) 
        (10251 "2009-11-12-23:50:40" 
            (116.442202 39.993506) 
            (39452367.93159083 4428512.827117571)) 
        (10251 "2009-11-12-23:50:45" 
            (116.442137 39.993523) 
            (39452362.39282376 4428514.749248425)) 
        (10251 "2009-11-12-23:50:50" 
            (116.442088 39.993539) 
            (39452358.21966017 4428516.551808924)) 
        (10251 "2009-11-12-23:50:55" 
            (116.442033 39.993506) 
            (39452353.50008628 4428512.917431423)) 
        (10251 "2009-11-12-23:51" 
            (116.441993 39.993476) 
            (39452350.06349619 4428509.608109144)) 
        (10251 "2009-11-12-23:51:05" 
            (116.441978 39.993427) 
            (39452348.74853804 4428504.175979934)) 
        (10251 "2009-11-12-23:51:10" 
            (116.441914 39.993386) 
            (39452343.25484847 4428499.658232314)) 
        (10251 "2009-11-12-23:51:15" 
            (116.441924 39.993366) 
            (39452344.0948839 4428497.432418211)) 
        (10251 "2009-11-12-23:51:20" 
            (116.441899 39.993346) 
            (39452341.94613971 4428495.225314987)) 
        (10251 "2009-11-12-23:51:25" 
            (116.441874 39.993304) 
            (39452339.78210155 4428490.575697378)) 
        (10251 "2009-11-12-23:51:30" 
            (116.441819 39.993289) 
            (39452335.0750163 4428488.939752576)) 
        (10251 "2009-11-12-23:51:35" 
            (116.441777 39.99332) 
            (39452331.51002973 4428492.403935931)) 
        (10251 "2009-11-12-23:51:40" 
            (116.441707 39.993363) 
            (39452325.56236647 4428497.215375784)) 
        (10251 "2009-11-12-23:51:45" 
            (116.441656 39.993394) 
            (39452321.22884519 4428500.684377261)) 
        (10251 "2009-11-12-23:51:50" 
            (116.441592 39.993424) 
            (39452315.78451532 4428504.049311525)) 
        (10251 "2009-11-12-23:51:55" 
            (116.441545 39.99344) 
            (39452311.78214367 4428505.850827691)) 
        (10251 "2009-11-12-23:52" 
            (116.441538 39.993457) 
            (39452311.19621271 4428507.741970369)) 
        (10251 "2009-11-12-23:52:05" 
            (116.44152 39.993478) 
            (39452309.67373516 4428510.083091405)) 
        (10251 "2009-11-12-23:52:10" 
            (116.441494 39.993494) 
            (39452307.46463235 4428511.873375655)) 
        (10251 "2009-11-12-23:52:15" 
            (116.441459 39.993509) 
            (39452304.48629329 4428513.5574524))))
